0.785888 -0.898204 0.596965 -0.978939 0.429034 -0.99649 0.256905 -0.957878 0.0763786 -0.796408 -0.0957509 -0.118938 -0.276277 0.284736 -0.452605 0.365471 -0.628932 0.383022 -0.750682 0.151348 -0.570156 0.00742968 -0.398027 -0.0171418 -0.209104 0.0144501 -0.0495698 0.0881645 0.126758 0.249634 0.303086 0.509389 0.48781 0.509389 0.672534 0.404083 0.827871 0.302287 1 0.158369 1 0 0 0 0
0.16982 -1 0.0324106 -0.163693 -0.1279 0.0648629 -0.282485 0.163558 -0.465698 0.220697 -0.620283 0.220697 -0.763417 0.18953 -0.923728 0.0960296 -0.757692 0.00772393 -0.603107 0.0440851 -0.42562 0.111613 -0.265309 0.18953 -0.110724 0.267447 0.0438614 0.350558 0.209897 0.438864 0.358757 0.496003 0.524793 0.51678 0.696555 0.501197 0.839689 0.433669 1 0.231085 1 0 0 0 0
0.0212697 -0.961703 -0.133069 -1 -0.257292 -0.607454 -0.102954 -0.339374 0.0551488 -0.0760804 0.100321 0.632418 -0.0615459 0.732948 -0.215884 0.66114 -0.358929 0.551036 -0.509503 0.373912 -0.351401 0.187213 -0.197062 0.306891 -0.0464885 0.455293 0.115378 0.589333 0.265952 0.685076 0.412762 0.756883 0.5671 0.776032 0.732731 0.704225 0.875777 0.56061 0.977414 0.000513958 1 0 0 0 0
-0.386275 -1 -0.269828 -0.123555 -0.447272 0.0821416 -0.602534 0.122386 -0.779978 0.126858 -0.935241 0.0776699 -0.768887 -0.0967248 -0.60808 -0.0967248 -0.447272 -0.0520082 -0.280919 0.0284817 -0.114565 0.13133 0.0517876 0.220763 0.229231 0.305725 0.395584 0.359384 0.561937 0.395158 0.72829 0.404101 0.889098 0.368328 0.950094 0.0955565 0.783741 -0.0698949 0.622933 0.00165169 1 0 0 0 0
-0.399276 0.33375 -0.214802 -0.614808 -0.0303276 -0.784194 0.154147 -0.851948 0.333891 -0.78984 0.253479 -0.394607 0.0690047 -0.230868 0.00751326 -0.196991 0.201448 -0.174406 0.371732 -0.117944 0.551476 0.102257 0.461604 0.745922 0.272399 0.892723 0.0926552 0.971769 -0.0965491 1 -0.285754 0.988708 -0.470228 0.937892 -0.645242 0.824968 -0.824986 0.655583 -1 0.220827 0 1 0 0 0
0.224466 -1 0.067513 -0.31614 -0.0894403 0.0658361 -0.25101 0.312272 -0.412579 0.417008 -0.5603 0.417008 -0.717253 0.355398 -0.855741 0.0350316 -0.694172 -0.242209 -0.532602 -0.371588 -0.389498 -0.390071 -0.232545 -0.322301 -0.0755915 -0.199083 0.0767455 -0.0204165 0.233699 0.164411 0.38142 0.256824 0.547605 0.318433 0.704559 0.343077 0.852279 0.343077 1 0.23218 1 0 0 0 0
-0.46639 1 -0.759669 -0.399088 -0.437063 -0.697708 -0.114457 -0.802778 0.217925 -0.824898 0.540531 -0.725358 0.501427 -0.244249 0.139718 -0.139179 -0.153561 -0.128119 -0.476166 -0.122589 -0.173112 -0.161299 0.149494 -0.177889 0.481875 -0.139179 0.814257 0.00460118 0.863137 0.380641 0.540531 0.424881 0.208149 0.447001 -0.114457 0.458061 -0.427287 0.441471 -0.740117 0.408291 0 1 0 0 0
0.216306 0.11486 0.0233969 0.0621578 -0.151427 0.0499957 -0.344336 0.0945901 -0.513132 0.240535 -0.386535 0.548642 -0.205683 0.625669 -0.0248305 0.68648 0.156022 0.670263 0.336874 0.483778 0.174107 0.179725 -0.0127736 0.0337795 -0.187598 -0.233787 -0.091143 -0.813514 0.0957378 -0.95946 0.27659 -0.995946 0.463471 -1 0.662409 -0.975676 0.819148 -0.935135 1 -0.777028 0 0 0 1 0
-0.796486 -0.648427 -0.592095 -0.340885 -0.414598 -0.152259 -0.24248 0.0158642 -0.0649825 0.270099 -0.172556 0.860581 -0.32316 0.954894 -0.500657 1 -0.69429 0.872882 -0.796486 0.413619 -0.586716 0.0978755 -0.436113 -0.0415437 -0.253237 -0.16046 -0.0649825 -0.221969 0.134029 -0.275276 0.290012 -0.422896 0.472887 -0.566416 0.650385 -0.299879 0.827882 -0.422896 1 -0.558215 0 0 1 0 0
-0.753462 -0.545035 -0.571873 -0.41725 -0.401634 -0.289466 -0.231395 -0.155872 -0.0611564 0.0125714 0.114757 0.366884 0.15448 0.976766 -0.0441325 1 -0.197348 0.970958 -0.361912 0.924491 -0.532151 0.779281 -0.378936 0.151973 -0.208697 -0.022279 -0.0327833 -0.208148 0.137456 -0.446292 0.313369 -0.719287 0.494958 -0.67282 0.670871 -0.667012 0.829761 -0.678629 1 -0.713479 0 0 1 0 0
0.328918 -1 0.076275 -0.938604 -0.176368 -0.877208 -0.42901 -0.754416 -0.460591 -0.408365 -0.207948 -0.302317 0.0446947 -0.224176 0.297337 -0.173943 0.542085 -0.0846397 0.297337 -0.0120807 0.0289045 0.0214081 -0.207948 0.0493154 -0.460591 0.149782 -0.492171 0.668858 -0.223738 0.836302 0.0289045 0.886535 0.281547 0.897698 0.50261 0.886535 0.763147 0.864209 1 0.864209 0 0 0 0 1
0.00937066 0.0711138 -0.160258 0.0238588 -0.329886 0.0186083 -0.499514 0.0238588 -0.675928 0.0921161 -0.838771 0.265384 -0.696283 0.611921 -0.526655 0.685429 -0.350241 0.716932 -0.187398 0.716932 -0.024555 0.69593 0.145073 0.627673 0.0840071 0.22338 -0.0109847 -0.448691 0.158644 -0.784727 0.335057 -0.931743 0.504685 -0.994749 0.667529 -1 0.843942 -0.952745 1 -0.747973 0 0 0 1 0
-1 -0.214361 -0.824281 -0.337557 -0.640575 -0.460753 -0.472843 -0.539951 -0.289137 -0.636748 -0.113419 -0.689546 0.0543131 -0.724745 0.230032 -0.698346 0.405751 -0.522351 0.238019 -0.152763 0.0702875 -0.143963 0.0223642 -0.143963 0.198083 -0.0999648 0.373802 0.0144315 0.341853 0.656811 0.15016 0.868004 -0.00958466 0.964801 -0.185304 1 -0.361022 0.973601 -0.536741 0.797606 0 1 0 0 0
0.241965 -1 0.0823785 -0.960047 -0.0658088 -0.926754 -0.219696 -0.886801 -0.367883 -0.780261 -0.333686 -0.247559 -0.185499 -0.180971 -0.0316117 -0.180971 -0.00311417 -0.141018 -0.151301 -0.0411368 -0.299489 0.131991 -0.213996 0.598105 -0.0544098 0.638058 0.088078 0.638058 0.241965 0.62474 0.395852 0.584788 0.555438 0.504883 0.703625 0.41166 0.857512 0.311778 1 0.278484 0 0 0 0 1
0.447123 -0.925236 0.256476 -0.986407 0.0467642 -1 -0.124818 -0.986407 -0.315465 -0.877659 -0.175657 -0.429076 0.0213446 -0.313532 0.211992 -0.225175 0.0848936 -0.204785 -0.0993986 -0.164004 -0.290046 -0.0620536 -0.480693 0.250595 -0.32182 0.638008 -0.124818 0.753552 0.059474 0.821519 0.243766 0.821519 0.440768 0.665195 0.625061 0.549651 0.815708 0.46809 1 0.42731 0 0 0 0 1
-0.506243 -0.42312 -0.469654 0.0167537 -0.329397 0.0771284 -0.170845 0.137503 -0.0305876 0.258253 -0.0854709 0.844751 -0.231827 0.98275 -0.378182 0.98275 -0.530636 0.732626 -0.390378 0.180628 -0.244023 0.128878 -0.0976672 0.0943784 0.0547866 -0.0522461 0.201142 -0.604244 0.359694 -0.526619 0.499952 -0.448995 0.646307 -0.40587 0.804859 -0.397245 0.945117 -0.517994 0.908528 -0.923368 0 0 1 0 0
-0.0998693 1 -0.241995 -0.254426 0.0138314 -0.45594 0.288608 -0.511357 0.51601 -0.471054 0.279133 -0.26954 0.0233065 -0.26954 -0.223045 -0.239313 -0.25147 -0.224199 0.0233065 -0.214123 0.250708 -0.214123 0.506535 -0.168783 0.762361 0.0579209 0.497059 0.269511 0.250708 0.304776 -0.0145938 0.304776 -0.25147 0.2947 -0.497822 0.269511 -0.763124 0.239284 0.212333 0.102275 0 1 0 0 0
-0.0559066 -0.951364 -0.20675 -0.987841 -0.279379 -0.696025 -0.134122 -0.586594 0.0167219 -0.264381 -0.044733 0.434761 -0.201164 0.556351 -0.346421 0.580669 -0.497264 0.532033 -0.458157 0.31925 -0.307313 0.355727 -0.162056 0.44692 -0.00562534 0.580669 0.156392 0.617146 0.290475 0.623225 0.446906 0.635384 0.59775 0.629305 0.743007 0.592828 0.882677 0.513794 0.972066 0.124707 1 0 0 0 0
0.0702831 -1 -0.129491 -0.908288 -0.321581 -0.709577 -0.19096 -0.472654 0.00113062 -0.43444 0.208588 -0.419155 0.277741 -0.358013 0.0856503 -0.312157 -0.10644 -0.251016 -0.290847 -0.128732 -0.49062 0.146405 -0.536722 0.704322 -0.329265 0.826605 -0.160225 0.880104 0.0549159 0.903032 0.239323 0.903032 0.431413 0.872461 0.615819 0.834248 0.80791 0.788391 1 0.719607 0 0 0 0 1
-0.193373 1 -0.0723795 -0.748072 0.0658994 -0.930163 0.20994 -0.954442 0.158085 -0.250357 0.00828317 -0.18966 -0.0723795 -0.201799 0.071661 -0.201799 0.221463 -0.116824 0.359742 0.0531277 0.290602 0.562982 0.1408 0.660097 0.00252156 0.696515 -0.141519 0.708655 -0.291321 0.708655 -0.423838 0.684376 -0.602448 0.672237 -0.734966 0.660097 -0.861721 0.660097 -1 0.660097 0 1 0 0 0
0.540303 0.164377 0.337496 0.119095 0.121168 0.0996889 -0.0681192 0.0996889 -0.270927 0.112626 -0.446693 0.151439 -0.649501 0.293752 -0.460214 0.500752 -0.257406 0.539564 -0.0545987 0.539564 0.134688 0.500752 0.296934 0.203189 0.0941268 -0.16553 -0.0951602 -0.398405 0.0265243 -0.812406 0.215811 -0.909437 0.418619 -0.961187 0.607906 -0.993531 0.810713 -1 1 -0.94825 0 0 0 1 0
0.128466 -1 -0.0737295 -0.986012 -0.268953 -0.89509 -0.422343 -0.531402 -0.220147 -0.37054 -0.0318959 -0.328576 0.100577 -0.272624 -0.0876741 -0.258636 -0.268953 -0.209678 -0.464177 -0.104768 -0.6594 0.140022 -0.561788 0.713529 -0.359593 0.776475 -0.164369 0.804451 0.0378268 0.790463 0.219106 0.762487 0.428274 0.692547 0.609553 0.601625 0.804776 0.384812 1 0.0980576 0 0 0 0 1
-0.370219 -0.531074 -0.538216 -0.4245 -0.401719 -0.0124132 -0.244222 0.0941609 -0.070976 0.16521 0.0865205 0.23626 0.228267 0.676766 0.0602711 0.897019 -0.0972254 0.960964 -0.265222 0.968069 -0.427968 0.889914 -0.307221 0.335729 -0.144474 0.0302164 0.018272 -0.154512 0.181018 -0.332136 0.349015 -0.715802 0.517011 -0.744222 0.674507 -0.772642 0.847753 -0.865006 1 -1 0 0 1 0 0
0.0388924 -0.752697 -0.123757 -0.785154 -0.261762 -0.752697 -0.409625 -0.647211 -0.384981 -0.241494 -0.242047 -0.119779 -0.0941841 0.123651 -0.015324 0.821485 -0.158258 0.991886 -0.306121 0.967543 -0.335693 0.423882 -0.182902 0.131766 -0.035039 -0.0629783 0.117752 -0.192808 0.260686 -0.298294 0.408549 -0.493038 0.571198 -0.436238 0.704275 -0.34698 0.852137 -0.225265 1 -0.225265 0 0 1 0 0
-0.381252 0.414273 -0.527346 0.324925 -0.653518 0.354708 -0.792971 0.453984 -0.919143 0.662463 -0.806252 0.970217 -0.67344 1 -0.547268 0.990072 -0.407814 0.890797 -0.268361 0.67239 -0.135548 0.364635 -0.00937624 0.0866633 0.123436 -0.31044 0.256249 -0.67776 0.389062 -0.816746 0.528515 -0.886239 0.654687 -0.906094 0.7875 -0.876311 0.880469 -0.499063 1 -0.201236 0 0 0 1 0
0.73056 -1 0.544024 -0.652695 0.367851 -0.404621 0.170952 -0.206161 -0.00522022 -0.0672393 -0.191756 0.0220675 -0.378292 0.0816055 -0.554464 0.121297 -0.720274 0.121297 -0.803179 0.0220675 -0.616643 -0.0176244 -0.430107 0.0121445 -0.264298 0.0617595 -0.0777619 0.180835 0.0984107 0.270142 0.284946 0.299911 0.461119 0.309834 0.668381 0.309834 0.823827 0.309834 1 0.309834 1 0 0 0 0
1 -0.71659 0.732631 -0.738183 0.478631 -0.727386 0.224631 -0.641017 0.104315 -0.360317 0.385052 -0.241559 0.612315 -0.176782 0.879684 -0.133597 0.612315 -0.101209 0.344947 -0.101209 0.117683 -0.101209 -0.163054 -0.0904127 -0.403685 -0.0580242 -0.657686 -0.0148395 -0.911686 0.147103 -0.764633 0.740892 -0.510633 0.892038 -0.256633 0.956815 -0.00263239 0.989204 0.251368 1 0 0 0 0 1
-0.304731 -1 -0.16556 -0.749204 -0.0611813 -0.155859 -0.200353 0.0643521 -0.35692 0.119405 -0.50479 0.137756 -0.609168 0.137756 -0.635263 0.0765861 -0.487393 0.0643521 -0.339524 0.082703 -0.217749 0.131639 -0.0872759 0.198925 0.0605936 0.266212 0.199765 0.315148 0.347634 0.357967 0.469409 0.388551 0.599882 0.400785 0.730356 0.400785 0.886923 0.339616 1 0.235627 1 0 0 0 0
-0.583287 0.119403 -0.37493 -0.358209 -0.192618 -0.567164 -0.0103061 -0.708955 0.180687 -0.776119 0.380362 -0.679104 0.258821 -0.320896 0.0765091 -0.268657 0.25014 -0.216418 0.432452 -0.119403 0.614764 0.119403 0.493222 0.671642 0.319592 0.791045 0.102554 0.910448 -0.0537138 0.977612 -0.26207 1 -0.48779 0.985075 -0.644057 0.947761 -0.817688 0.873134 -1 0.768657 0 1 0 0 0
-0.350396 0.254396 -0.639767 0.0852901 -0.875551 -0.0991892 -0.704072 -0.452775 -0.446853 -0.583447 -0.200352 -0.637254 0.0461486 -0.583447 -0.103895 -0.299042 -0.25394 -0.0761293 0.0354311 -0.114562 0.271215 -0.137622 0.506998 -0.145309 0.753499 -0.137622 1 0.023797 0.742782 0.561862 0.485563 0.807834 0.20691 0.938507 -0.0717432 0.984627 -0.307527 1 -0.521875 1 0 1 0 0 0
-0.44307 0.0168972 -0.282953 -0.276309 -0.136759 -0.491902 0.0163969 -0.655752 0.176514 -0.741989 0.322708 -0.690247 0.294862 -0.30218 0.141706 -0.23319 0.197399 -0.215943 0.364478 -0.0520925 0.37144 0.603309 0.218284 0.801655 0.0303202 0.93101 -0.101951 0.974129 -0.275991 1 -0.415224 0.991376 -0.575341 0.948258 -0.714573 0.896515 -0.860768 0.810278 -1 0.620557 0 1 0 0 0
-0.232135 0.960656 -0.476237 -0.407244 -0.255383 -0.943004 -0.0112806 -1 0.174702 -0.703622 -0.0694002 -0.327449 -0.115896 -0.133664 0.116582 -0.17926 0.372309 -0.224857 0.604787 -0.224857 0.837265 -0.122264 0.930257 0.402097 0.662906 0.584484 0.453676 0.652879 0.174702 0.675677 -0.0345284 0.675677 -0.278631 0.664278 -0.522733 0.664278 -0.755211 0.675677 -0.987689 0.675677 0 1 0 0 0
-0.66244 -0.436795 -0.765537 -0.0615812 -0.636666 0.0848438 -0.501351 0.185511 -0.340262 0.313633 -0.211391 0.505816 -0.185616 0.981697 -0.333818 0.954242 -0.469133 0.762059 -0.353149 0.29533 -0.230721 0.139753 -0.0760757 -0.0524296 0.0463521 -0.253764 0.162336 -0.555765 0.291208 -0.445947 0.43941 -0.391037 0.594055 -0.381886 0.722927 -0.400189 0.871129 -0.510008 1 -0.647281 0 0 1 0 0
0.394947 0.443231 0.218085 0.285136 0.0319149 0.18203 -0.117021 0.127041 -0.293883 0.0995458 -0.470745 0.140788 -0.638298 0.23702 -0.796543 0.484473 -0.666223 0.876273 -0.489362 0.986253 -0.293883 1 -0.154255 0.965632 0.0132979 0.676936 -0.00531915 -0.443476 0.180851 -0.773414 0.348404 -0.910887 0.506649 -0.959003 0.674202 -0.965877 0.832447 -0.959003 1 -0.883393 0 0 0 1 0
0.297541 0.70306 -0.0446831 0.548135 -0.31486 0.39321 -0.603048 0.160822 -0.531001 -0.523431 -0.242813 -0.652536 0.0453758 -0.665446 0.117423 -0.316864 -0.188777 -0.071566 -0.0807066 -0.110297 0.18947 -0.213581 0.49567 -0.278133 0.783859 -0.252312 0.927953 0.147911 0.603741 0.40612 0.333564 0.548135 0.00935227 0.69015 -0.296848 0.793433 -0.585036 0.896717 -0.855213 1 0 1 0 0 0
-0.901367 -0.0926581 -0.865501 0.303061 -0.641335 0.362124 -0.399237 0.409374 -0.201971 0.474343 0.0221946 0.627906 0.00426136 1 -0.237837 0.787375 -0.372337 0.438905 -0.139205 0.249905 0.0759943 0.108155 0.291193 -0.045408 0.21946 -0.464752 0.00426136 -0.683284 -0.219904 -0.848659 0.00426136 -0.783691 0.21946 -0.718722 0.470526 -0.665565 0.667791 -0.636034 0.88299 -0.659659 0 0 1 0 0
0.386982 0.385408 0.135207 0.305863 -0.0837278 0.272719 -0.302663 0.26609 -0.477811 0.285977 -0.685799 0.37215 -0.652959 0.736731 -0.434024 0.789761 -0.204142 0.789761 0.00384615 0.763246 0.200888 0.663815 0.157101 0.226318 -0.0618343 0.0340843 -0.258876 -0.237694 -0.0508876 -0.708335 0.157101 -0.860796 0.376036 -0.980114 0.605917 -1 0.802959 -0.980114 1 -0.847539 0 0 0 1 0
-0.145533 0.492427 -0.301326 0.401977 -0.411297 0.390671 -0.548761 0.390671 -0.677061 0.458508 -0.814524 0.639408 -0.713718 0.910759 -0.585418 0.910759 -0.457118 0.865534 -0.301326 0.69594 -0.191354 0.548958 -0.0538905 0.345445 0.0744092 -0.163336 0.211873 -0.649506 0.349337 -0.8191 0.477637 -0.943469 0.605937 -0.988694 0.743401 -1 0.8717 -0.988694 1 -0.830406 0 0 0 1 0
1 -0.218457 0.73432 -0.480894 0.486963 -0.621485 0.276251 -0.696467 0.038055 -0.715213 -0.209302 -0.593367 -0.218464 -0.199712 0.0563777 -0.12473 0.267089 -0.105984 0.367865 -0.0684932 0.13883 -0.0684932 -0.108527 -0.0966114 -0.365046 -0.0778659 -0.584919 0.0346071 -0.65821 0.550108 -0.383369 0.850036 -0.136011 0.962509 0.120507 1 0.322058 0.990627 0.53277 0.990627 0 0 0 0 1
0.475325 -1 0.313293 -0.622938 0.166693 -0.374076 -0.0107711 -0.238334 -0.14194 -0.178004 -0.327119 -0.140298 -0.458288 -0.140298 -0.612604 -0.170463 -0.674331 -0.291123 -0.520014 -0.253416 -0.38113 -0.110133 -0.226814 0.0633161 -0.0493501 0.191517 0.104966 0.319719 0.251566 0.425296 0.390451 0.515791 0.544767 0.583662 0.737662 0.636451 0.861115 0.643992 1 0.643992 1 0 0 0 0
-0.0677343 1 -0.383697 0.677524 -0.547125 0.392546 -0.438173 -0.402394 -0.209373 -0.544884 0.0303229 -0.59738 0.12838 -0.357398 -0.0895248 -0.19991 -0.10042 -0.124915 0.12838 -0.177411 0.324495 -0.214909 0.56419 -0.252406 0.79299 -0.237407 0.967314 0.145064 0.694933 0.392546 0.433447 0.520036 0.215542 0.59503 -0.0568391 0.647527 -0.231163 0.662525 -0.438173 0.662525 0 1 0 0 0
-0.646286 -0.212562 -0.557297 0.0606912 -0.379321 0.154622 -0.212467 0.240014 -0.0122434 0.368101 0.132363 0.547424 0.0767451 0.982922 -0.0678611 1 -0.245838 0.957304 -0.390444 0.743825 -0.201344 0.444954 -0.0344905 0.188779 0.0767451 -0.562668 -0.0233669 -0.793226 0.210228 -0.707834 0.354834 -0.690756 0.543934 -0.690756 0.666293 -0.690756 0.866517 -0.733452 1 -0.759069 0 0 1 0 0
0.0273597 0.378095 -0.126722 0.285961 -0.300064 0.239894 -0.473406 0.247572 -0.617857 0.301317 -0.743048 0.370417 -0.87787 0.554686 -0.781569 0.953933 -0.646747 0.992322 -0.492666 1 -0.328954 0.976966 -0.194133 0.915544 -0.0496811 -0.466467 0.104401 -0.765902 0.297003 -0.842681 0.441454 -0.858036 0.585906 -0.865714 0.701467 -0.858036 0.855548 -0.811969 1 -0.681446 0 0 0 1 0
0.87439 -0.605875 0.445673 -0.888617 0.136598 -0.991432 -0.162507 -0.991432 -0.441671 -0.897185 -0.34197 -0.365973 -0.0129544 -0.21175 0.29612 -0.160343 0.585255 -0.151775 0.306091 -0.143207 -0.0528351 -0.160343 -0.34197 -0.151775 -0.680955 -0.00611995 -0.99003 0.345165 -0.591224 0.679315 -0.312059 0.730722 -0.0328947 0.78213 0.29612 0.816401 0.635106 0.713586 0.934211 0.422277 0 0 0 0 1
-0.622345 -0.261164 -0.769831 -0.19914 -0.701761 0.183344 -0.58831 0.286718 -0.406789 0.40043 -0.259303 0.483129 -0.157197 0.545154 -0.00971138 0.700215 -0.0664367 1 -0.191233 0.896626 -0.281993 0.12132 -0.145852 -0.126778 0.00163369 -0.250827 0.137775 -0.343864 0.28526 -0.5196 0.466782 -0.467913 0.602922 -0.457575 0.716373 -0.47825 0.886549 -0.550612 895 558 0 0 1 0 0
-0.00901649 0.440228 -0.196405 0.335357 -0.383794 0.272434 -0.571183 0.272434 -0.758572 0.321374 -0.686499 0.55209 -0.484696 0.60103 -0.326136 0.615013 -0.124333 0.615013 0.0486416 0.55209 0.149543 0.0626924 -0.0378455 -0.265903 0.0918852 -0.727336 0.264859 -0.860172 0.437834 -0.937077 0.610808 -0.986017 0.812611 -1 0.985585 -0.874155 0.827026 -0.510602 0.654051 -0.405731 0 0 0 1 0
-0.18258 0.657675 -0.363273 0.286823 -0.518153 0.182224 -0.647219 0.144188 -0.802098 0.201242 -0.931165 0.372404 -0.913956 0.857365 -0.750472 0.971473 -0.604197 1 -0.466526 0.961964 -0.303042 0.819329 -0.173976 0.572094 -0.027701 -0.255191 0.135783 -0.768678 0.282058 -0.873278 0.445542 -0.94935 0.583213 -0.968368 0.720883 -0.930332 0.875763 -0.825733 0.91018 -0.16961 0 0 0 1 0
1 -0.350003 0.709221 -0.496182 0.430074 -0.607966 0.232344 -0.659558 -0.0235415 -0.693953 -0.267796 -0.633762 -0.0119103 -0.221022 0.209082 -0.135035 0.441705 -0.0404485 0.464967 0.0627365 0.139295 0.0885327 -0.0933284 0.10573 -0.325951 0.122928 -0.546943 0.17452 -0.674886 0.58726 -0.407369 0.767834 -0.139853 0.871019 0.0695078 0.93121 0.360287 0.982803 1 0.468926 0 0 0 0 1
-0.964387 -0.240561 -0.724138 -0.519238 -0.540418 -0.636102 -0.356699 -0.654081 -0.158847 -0.456311 -0.370831 -0.249551 -0.342566 -0.204603 -0.11645 -0.222582 0.0672696 -0.231571 0.236857 -0.222582 0.434709 -0.150665 0.674958 0.0021575 0.830413 0.15498 0.971735 0.685365 0.759751 0.883136 0.547767 0.964042 0.321651 1 0.0672696 1 -0.0316563 1 -0.229508 0.955052 0 1 0 0 0
0.990539 -0.886525 0.69947 -0.992908 0.474126 -1 0.220614 -0.943262 -0.0422878 -0.687943 0.220614 -0.262411 0.455347 -0.198582 0.445958 -0.148936 0.107942 -0.12766 -0.0892345 -0.0992908 -0.333357 -0.0567376 -0.57748 0.0141844 -0.830992 0.156028 -0.887328 0.546099 -0.596259 0.624113 -0.323968 0.64539 -0.0610665 0.680851 0.13611 0.70922 0.370843 0.751773 0.624355 0.744681 0 0 0 0 1
0.0605131 0.275021 -0.132532 0.162519 -0.338447 0.162519 -0.505753 0.20002 -0.711668 0.327522 -0.853234 0.507525 -0.685929 0.79253 -0.505753 0.80753 -0.325577 0.78503 -0.145402 0.702528 0.0347737 0.597526 0.0347737 0.027517 -0.171141 -0.272488 -0.0295747 -0.737496 0.124862 -0.857498 0.305037 -0.954999 0.485213 -0.9925 0.665388 -1 0.858433 -0.924999 0.974261 -0.512492 0 0 0 1 0
-0.870276 -0.394132 -0.749613 0.197647 -0.568619 0.282186 -0.387624 0.338546 -0.166409 0.408996 -0.00552486 0.451266 0.17547 0.507626 0.376575 0.620345 0.396685 0.930324 0.255912 0.944414 0.0548066 0.902144 -0.126188 0.789425 -0.0658564 0.113107 0.0548066 -0.746381 0.0950276 -1 0.296133 -0.95773 0.457017 -0.94364 0.638011 -0.90137 0.819006 -0.90137 1 -0.94364 0 0 1 0 0
0.465761 0.323561 0.0886518 0.323561 -0.19418 0.352757 -0.477013 0.41115 -0.602716 0.74204 -0.288458 0.819897 0.0886518 0.868557 0.340058 0.868557 0.685742 0.7907 0.968574 0.644719 0.717168 0.304097 0.40291 0.187312 0.0886518 0.0997237 -0.225606 0.00240298 -0.539864 -0.143578 -0.602716 -0.708038 -0.257032 -0.902679 0.0258002 -0.990268 0.340058 -1 0.654316 -0.931876 0 0 0 1 0
0.145683 0.420956 -0.139089 0.368605 -0.38005 0.376084 -0.621011 0.420956 -0.883878 0.540615 -0.861972 0.787413 -0.599106 0.839764 -0.358144 0.847243 -0.0952778 0.824807 0.145683 0.750019 0.145683 0.27886 -0.0952778 -0.0352457 -0.358144 -0.319437 -0.423861 -0.738245 -0.160994 -0.880341 0.0799666 -0.947649 0.342833 -1 0.583794 -1 0.846661 -0.932692 0.912378 -0.506405 0 0 0 1 0
0.491084 -0.91295 0.274169 -0.978238 0.0739401 -1 -0.134632 -0.945594 -0.343204 -0.804138 -0.284804 -0.249194 -0.0678889 -0.162144 0.13234 -0.096857 0.0906259 -0.107738 -0.10126 -0.129501 -0.30149 -0.096857 -0.510062 0.0772428 -0.426633 0.57778 -0.243089 0.708355 -0.0345173 0.784523 0.215769 0.817167 0.399313 0.828048 0.607885 0.828048 0.799771 0.806286 1 0.784523 0 0 0 0 1
-0.283437 -1 -0.445215 -0.790862 -0.596207 -0.551847 -0.660919 -0.0140629 -0.488356 0.015814 -0.337363 -0.0240219 -0.218726 -0.0837756 -0.0677333 -0.183365 0.0940444 -0.342709 0.223467 -0.452257 0.201896 -0.302873 0.0616889 -0.0140629 -0.0245926 0.523721 0.137185 0.53368 0.277393 0.523721 0.428385 0.493844 0.590163 0.444049 0.7088 0.394254 0.870578 0.324542 1 0.254829 0 0 0 0 1
1 -0.726525 0.689909 -0.831162 0.420265 -0.893945 0.137139 -0.914873 -0.119023 -0.883481 -0.375184 -0.799771 -0.280809 -0.349828 0.00231725 -0.255654 0.258479 -0.203335 0.32589 -0.109161 0.0832104 -0.0777699 -0.199916 -0.0568423 -0.46956 -0.0149872 -0.739204 0.246607 -0.550453 0.759333 -0.294291 0.863971 -0.0111649 0.947681 0.285443 1 0.528123 1 0.797767 1 0 0 0 0 1
-0.47428 -0.232092 -0.295322 -0.0951932 -0.167494 0.08082 -0.116363 0.73598 -0.2868 0.970664 -0.457237 1 -0.585065 0.970664 -0.729936 0.823987 -0.653239 0.383954 -0.499846 0.237276 -0.346453 0.168827 -0.193059 0.129713 -0.0481878 0.0905985 0.0966837 -0.0169651 0.258599 -0.593897 0.429036 -0.545005 0.556864 -0.545005 0.761388 -0.545005 0.855129 -0.564562 1 -0.652568 0 0 1 0 0
-0.677411 -0.228281 -0.555216 0.0589783 -0.444129 0.138222 -0.321933 0.217466 -0.210846 0.29671 -0.0886509 0.40567 0.0224359 0.534442 0.122414 0.980189 0.0113272 1 -0.110868 0.910851 -0.0442162 0.0391673 0.0779793 -0.20847 0.189066 -0.693839 0.32237 -0.644312 0.433457 -0.614595 0.544544 -0.60469 0.66674 -0.60469 0.788935 -0.624501 0.888913 -0.664123 1 -0.71365 0 0 1 0 0
-0.125683 0.157989 -0.103825 -0.914574 0.0819672 -0.944646 0.147541 -0.503592 -0.0382514 -0.373281 0.0491803 -0.303113 0.234973 -0.283065 0.431694 -0.222921 0.639344 -0.0224425 0.814208 0.278276 0.704918 0.789497 0.464481 0.919808 0.333333 0.94988 0.0710383 0.979952 -0.103825 0.979952 -0.300546 0.989976 -0.464481 1 -0.639344 1 -0.814208 1 -1 0.979952 0 1 0 0 0
1 -0.447057 0.717424 -0.615732 0.520849 -0.704509 0.299702 -0.748897 0.0662695 -0.713386 -0.167163 -0.526956 0.0294118 -0.233993 0.262844 -0.136339 0.287416 -0.0475627 0.0416977 -0.038685 -0.179449 -0.038685 -0.376024 -0.038685 -0.609456 -0.0298074 -0.756888 0.227644 -0.511169 0.449586 -0.290022 0.58275 -0.0565897 0.724793 0.201415 0.857958 0.434847 0.955612 0.631422 1 0 0 0 0 1
-0.203211 0.294943 -0.370956 0.226788 -0.538701 0.207315 -0.685478 0.226788 -0.832255 0.294943 -0.989516 0.460462 -0.842739 0.810973 -0.695962 0.859655 -0.538701 0.859655 -0.370956 0.840182 -0.213695 0.762291 -0.0669185 0.499408 0.016954 -0.522916 0.184699 -0.776062 0.331476 -0.892899 0.488737 -0.980527 0.635514 -0.990264 0.771806 -0.571598 0.614545 -0.298978 0.740354 0.0417964 0 0 0 1 0
0.436375 -1 0.228479 -0.393792 0.0867314 -0.186794 -0.111715 -0.0685098 -0.300712 -0.00936756 -0.44246 0.0202036 -0.622006 0.0349891 -0.801553 0.005418 -0.952751 -0.0537242 -0.858252 -0.142438 -0.688155 -0.127652 -0.508608 -0.0537242 -0.338511 0.0497747 -0.158964 0.145881 0.0111327 0.234594 0.17178 0.323308 0.360777 0.389843 0.559223 0.397235 0.691521 0.397235 0.861618 0.38245 1 0 0 0 0
-0.944654 -0.160834 -0.807384 0.0633269 -0.624358 0.183413 -0.498527 0.287488 -0.338379 0.423586 -0.178231 0.599712 -0.143914 0.983988 -0.304062 0.959971 -0.46421 0.839885 -0.407014 0.463615 -0.235427 0.247459 -0.0752791 0.0633269 0.0505514 -0.0807766 0.176382 -0.625168 0.233578 -0.745254 0.382286 -0.689214 0.542434 -0.657191 0.691143 -0.641179 0.851291 -0.625168 1 -0.625168 0 0 1 0 0
0.204057 0.34695 -0.0419334 0.212255 -0.274977 0.148869 -0.469179 0.109253 -0.663382 0.117176 -0.922319 0.29941 -0.909372 0.830267 -0.650435 0.925346 -0.456232 0.925346 -0.236136 0.901576 -0.0419334 0.893653 0.178163 0.727265 0.0228008 0.156792 -0.171402 -0.136368 -0.0807739 -0.659301 0.139322 -0.801919 0.346472 -0.889075 0.579515 -0.97623 0.799612 -0.97623 0.877293 -0.445374 0 0 0 1 0
1 -0.767857 0.733146 -0.830357 0.5011 -0.866071 0.222644 -0.830357 0.00219914 -0.696429 0.0254038 -0.294643 0.280655 -0.223214 0.350269 -0.169643 0.0834155 -0.160714 -0.171836 -0.1875 -0.39228 -0.196429 -0.670736 -0.116071 -0.902783 0.0803571 -0.821567 0.696429 -0.577918 0.8125 -0.322666 0.883929 -0.0906195 0.9375 0.199439 1 0.385076 1 0.628725 0.982143 0 0 0 0 1
-0.89727 -0.356838 -0.752563 -0.248771 -0.640013 -0.152712 -0.511384 -0.0206302 -0.398835 0.159481 -0.350599 0.867918 -0.479227 1 -0.44707 0.615763 -0.33452 0.339592 -0.205892 0.0754291 -0.093342 -0.116689 0.0352865 -0.356838 0.147836 -0.584979 0.292543 -0.488919 0.405093 -0.416875 0.517643 -0.368845 0.646272 -0.356838 0.758822 -0.356838 0.88745 -0.39286 1 -0.44089 0 0 1 0 0
0.807539 -0.865286 0.475105 -0.969383 0.212658 -1 -0.0935306 -0.920396 -0.434712 -0.724448 -0.688411 -0.516253 -0.600929 -0.130481 -0.277244 -0.0814938 -0.0235447 -0.112111 0.273896 -0.191715 0.0901825 -0.185591 -0.224754 -0.0998639 -0.513446 -0.00801331 -0.767145 0.304279 -0.469705 0.518597 -0.14602 0.567584 0.125176 0.549214 0.440112 0.549214 0.711308 0.500227 1 0.353266 0 0 0 0 1
0.33184 -1 0.159412 -0.953729 0.0257797 -0.866972 -0.138027 -0.710808 -0.263038 -0.554644 -0.297523 -0.178694 -0.146649 -0.149775 -0.00870594 -0.149775 -0.0862987 -0.0630174 -0.224241 -0.0109628 -0.314766 0.382338 -0.168202 0.596341 0.00853689 0.688882 0.168033 0.712018 0.27149 0.717801 0.422365 0.717801 0.607725 0.712018 0.741357 0.688882 0.862057 0.654179 1 0.602125 0 0 0 0 1
-0.786615 -0.718348 -0.576425 -0.484877 -0.401266 -0.321447 -0.202754 -0.069298 -0.0159182 0.304256 -0.156045 0.822562 -0.331203 0.929959 -0.529716 0.995331 -0.716551 1 -0.915064 0.864587 -0.716551 0.519049 -0.518039 0.336942 -0.319526 0.182851 -0.13269 0.00541281 0.0774996 -0.209381 0.240981 -0.382149 0.427816 -0.37748 0.626329 -0.284091 0.824842 -0.470868 1 -0.606282 0 0 1 0 0
-0.681511 -0.628206 -0.469852 -0.481926 -0.264073 -0.360026 -0.0700525 -0.213746 0.123968 0.0422435 0.159244 0.724882 -0.0465349 0.889447 -0.258194 0.926017 -0.452214 0.938207 -0.640355 0.883352 -0.757943 0.420133 -0.540405 0.0544335 -0.364023 -0.177176 -0.146485 -0.420976 0.0357768 -0.542876 0.235677 -0.634301 0.447336 -0.725725 0.629597 -0.65868 0.823618 -0.835435 0.929937 -0.550249 0 0 1 0 0
-0.911518 -0.580625 -0.733011 -0.46182 -0.554503 -0.301691 -0.442936 -0.17772 -0.286742 0.0392281 -0.145423 0.390478 -0.29418 0.94318 -0.435498 1 -0.584254 0.917353 -0.509876 0.395643 -0.368558 0.204522 -0.197488 -0.0227572 -0.0412939 -0.193217 0.0925867 -0.34818 0.241343 -0.405 0.404975 -0.384338 0.561169 -0.394669 0.717363 -0.399834 0.851244 -0.399834 1 -0.399834 0 0 1 0 0
1 -0.635215 0.763236 -0.941299 0.518015 -1 0.255883 -0.953878 0.0444864 -0.832283 -0.183822 -0.631022 -0.133087 -0.203344 0.103678 -0.0482055 0.340442 0.0733894 0.577206 0.194984 0.61103 0.522033 0.382721 0.622663 0.154413 0.677171 -0.0992634 0.68975 -0.336028 0.664592 -0.555881 0.589119 -0.623528 0.207563 -0.386763 0.0482319 -0.158455 -0.0440126 0.069854 -0.0565913 0 0 0 1 0
0.717301 -1 0.581007 0.0888137 0.403825 0.202232 0.213014 0.281624 0.0358321 0.338333 -0.168608 0.389372 -0.332161 0.417726 -0.522972 0.429068 -0.713783 0.423397 -0.877336 0.37803 -0.931853 0.12851 -0.754671 0.0321046 -0.56386 -0.0189335 -0.386678 -0.0529589 -0.209497 -0.0643007 -0.0186854 -0.0813135 0.158496 -0.0813135 0.349308 -0.0813135 0.526489 -0.0813135 0.703671 -0.0813135 0 0 0 1 0
0.975159 -0.987965 0.689482 -1 0.391385 -0.979941 0.105708 -0.9318 -0.142706 -0.83953 -0.3787 -0.695107 -0.254493 -0.330039 0.00634249 -0.185616 0.30444 -0.0973574 0.602537 -0.0171225 0.850951 0.0791594 0.925476 0.38004 0.65222 0.532487 0.354123 0.596675 0.105708 0.604698 -0.155127 0.588651 -0.428383 0.524463 -0.565011 0.119277 -0.291755 -0.025146 -0.0309197 -0.209686 0 0 0 1 0
-0.641684 0.578319 -0.440869 -0.0694801 -0.236117 -0.53394 -0.0353027 -0.802838 0.165512 -0.827283 0.323013 -0.423936 0.122199 -0.197818 -0.0825531 -0.148927 -0.117991 -0.185595 0.0710109 -0.191706 0.26395 -0.106148 0.468702 0.174972 0.374202 0.822772 0.169449 0.932776 -0.0274276 1 -0.208554 0.987777 -0.436932 0.847217 -0.625934 0.694434 -0.807061 0.559985 -1 0.339978 0 1 0 0 0
0.287466 -0.55621 0.278776 -0.979643 0.135401 -0.979643 -0.01232 -0.837141 -0.138317 -0.462567 -0.194798 0.355798 -0.342519 0.522728 -0.47286 0.547156 -0.529342 0.30694 -0.399 0.270297 -0.255624 0.339512 -0.120938 0.543085 0.035472 0.604157 0.165814 0.604157 0.322224 0.567514 0.461255 0.526799 0.591596 0.482013 0.743661 0.412798 0.869658 0.298797 1 0.0707951 1 0 0 0 0
0.616507 -0.943891 0.358937 -1 0.101367 -0.981297 -0.12186 -0.943891 -0.373706 -0.850375 -0.596933 -0.588532 -0.448115 0.0660766 -0.219164 0.134655 0.00978695 0.122186 0.255909 0.0473735 0.170053 -0.120954 -0.093241 -0.0710795 -0.305021 0.0286704 -0.419496 0.514951 -0.179098 0.814201 0.0784722 0.876544 0.301699 0.87031 0.542098 0.851607 0.805392 0.751857 1 0.577295 0 0 0 0 1
0.624484 -0.989437 0.366317 -0.984156 0.172692 -0.920779 -0.0385359 -0.80987 -0.261498 -0.688398 -0.460991 -0.598615 -0.595942 -0.265888 -0.37298 -0.165541 -0.161752 -0.133853 0.055343 -0.128572 0.260703 -0.118009 0.0788128 -0.0387882 -0.132415 0.0932464 -0.290836 0.621385 -0.0444034 0.816796 0.155089 0.864328 0.372184 0.864328 0.577545 0.79567 0.79464 0.64251 1 0.441818 0 0 0 0 1
0.151106 -1 0.373901 -0.849548 0.609073 -0.535749 0.757603 0.255198 0.547186 0.401351 0.324391 0.470129 0.089219 0.504518 -0.108821 0.534608 -0.356371 0.551803 -0.566788 0.556101 -0.777205 0.508817 -0.987623 0.336872 -0.777205 0.00587771 -0.55441 -0.0800947 -0.331616 -0.131678 -0.121198 -0.15747 0.089219 -0.174664 0.324391 -0.174664 0.534809 -0.170366 0.745226 -0.144574 0 0 0 1 0
-0.340779 -0.5065 -0.185265 -0.253732 -0.0549703 -0.00898802 0.083731 0.291927 0.00807577 0.73728 -0.134829 0.821536 -0.281936 0.829561 -0.420637 0.805487 -0.546729 0.524634 -0.408028 0.163536 -0.265124 -0.0250368 -0.126422 -0.181512 0.0164819 -0.337988 0.159386 -0.466378 0.298088 -0.502488 0.474616 -0.590756 0.604912 -0.731183 0.718394 -0.823463 0.873908 -0.911732 1 -0.995988 0 0 1 0 0
0.129101 -0.928895 -0.0230949 -1 -0.171063 -0.925339 -0.226023 -0.363607 -0.154153 0.176794 -0.306348 0.336781 -0.462772 0.358112 -0.59383 0.333226 -0.614968 0.205236 -0.454317 0.148352 -0.302121 0.148352 -0.187974 0.183904 -0.0188673 0.290562 0.150239 0.39011 0.277069 0.439884 0.425038 0.464771 0.577233 0.418552 0.720974 0.294118 0.852032 0.0808016 1 -0.313833 1 0 0 0 0
-0.468913 0.344642 -0.684095 0.505999 -0.624577 0.129499 -0.446022 -0.203972 -0.226262 -0.51055 -0.0385501 -0.6988 0.162897 -0.865536 0.355187 -1 0.382657 -0.187836 0.442175 -0.252379 0.643621 -0.295408 0.597838 0.387671 0.419283 0.565163 0.199523 0.710385 -0.0385501 0.828713 -0.23084 0.893256 -0.446022 0.947042 -0.67036 0.957799 -0.80771 0.930906 -1 0.774928 0 1 0 0 0
-0.356089 0.46556 -0.170965 -0.216096 -0.00998736 -0.642131 0.159039 -0.991479 0.303919 -0.429113 0.142941 -0.173492 0.175137 -0.130889 0.328066 -0.139409 0.521239 -0.0882852 0.666119 0.0821288 0.497092 0.559288 0.320017 0.687099 0.191235 0.763785 0.00611041 0.83195 -0.187063 0.883075 -0.331943 0.891595 -0.525116 0.874554 -0.669996 0.840471 -0.839022 0.772305 -1 0.627454 0 1 0 0 0
-0.549774 -0.526753 -0.349306 -0.280503 -0.1951 -0.105391 -0.0254726 0.102554 0.0747616 0.611471 -0.0871552 0.846777 -0.256782 0.956222 -0.43412 1 -0.611457 0.939805 -0.68085 0.321443 -0.518933 0.0259424 -0.349306 -0.138225 -0.179679 -0.231253 -0.010052 -0.335225 0.167285 -0.450142 0.329202 -0.521281 0.51425 -0.461086 0.668456 -0.389947 0.868925 -0.597892 1 -0.712809 0 0 1 0 0
-1 -0.450941 -0.774982 -0.589412 -0.614254 -0.661658 -0.389236 -0.667679 -0.228509 -0.643597 -0.0249211 -0.511146 0.0179395 0.729077 -0.174933 0.909692 -0.346376 0.993979 -0.549964 0.993979 -0.732121 0.849487 -0.539248 0.409991 -0.335661 0.16315 -0.164218 -0.00542357 0.0393698 -0.2041 0.221527 -0.372674 0.4144 -0.499105 0.607273 -0.601453 0.800146 -0.619515 0.982303 -0.487064 0 0 1 0 0
0.431861 -0.871757 0.215427 -0.987786 0.00440418 -0.993893 -0.190386 -0.902291 -0.395998 -0.664126 -0.287782 -0.138941 -0.0821694 -0.114514 0.0963886 -0.157262 0.0909777 -0.181689 -0.130867 -0.0717667 -0.287782 0.0442625 -0.493394 0.23968 -0.428464 0.630515 -0.179565 0.789292 -0.00100667 0.825933 0.226249 0.825933 0.410218 0.789292 0.61583 0.71601 0.816031 0.599981 0.994589 0.422884 0 0 0 0 1
1 -0.928985 0.79998 -0.953907 0.611389 -0.978829 0.417083 -0.953907 0.257067 -0.874156 0.0627612 -0.679762 0.0284719 -0.24113 0.222778 -0.106549 0.411368 0.00809304 0.56567 0.421803 0.359934 0.835513 0.188488 0.960124 0.00561245 0.995016 -0.188693 0.975078 -0.342995 0.915264 -0.525871 0.396881 -0.34871 -0.0915961 -0.171549 -0.256083 0.0113273 -0.256083 0.188488 -0.141441 0 0 0 1 0
0.475462 -0.996246 0.257646 -1 0.124289 -0.992491 -0.0312945 -0.913648 0.0576102 -0.200306 -0.124644 0.299033 -0.315789 0.385385 -0.462482 0.407911 -0.60473 0.400402 -0.649182 0.0962936 -0.475818 0.100048 -0.306899 0.178891 -0.155761 0.265243 0.00871266 0.38163 0.195413 0.475491 0.368777 0.554334 0.537696 0.603142 0.688834 0.599387 0.853307 0.51679 1 0.28777 1 0 0 0 0
0.340588 -1 0.202192 -0.592588 0.0882199 -0.375556 -0.0298231 -0.147101 -0.147866 0.028048 -0.269979 0.168929 -0.383952 0.21462 -0.436868 -0.00622031 -0.302543 0.00520244 -0.188571 0.0775466 -0.0705275 0.172736 0.0515859 0.24508 0.165558 0.302194 0.308024 0.347885 0.438278 0.363115 0.531899 0.344078 0.674364 0.271733 0.796478 0.195582 0.881957 0.142276 1 0.142276 1 0 0 0 0
0.542275 -0.6871 0.391377 -0.945367 0.240479 -0.995033 0.0996407 -0.756633 -0.000958084 0.246635 -0.151856 0.534702 -0.297725 0.619136 -0.438563 0.599269 -0.584431 0.425435 -0.453653 0.246635 -0.312814 0.246635 -0.161916 0.301269 -0.0160479 0.360869 0.14491 0.420469 0.285749 0.450269 0.461796 0.450269 0.562395 0.440335 0.718323 0.415502 0.854132 0.405569 1 0.420469 1 0 0 0 0
0.82896 -0.654869 0.618366 -0.974521 0.407773 -0.960623 0.210914 -0.726675 0.000319869 0.132677 -0.031727 0.174371 -0.235453 0.40137 -0.459781 0.494022 -0.65893 0.558879 -0.860367 0.577409 -0.947352 0.301768 -0.741336 0.13731 -0.544477 0.148891 -0.324727 0.209116 -0.132446 0.436114 0.0667027 0.575093 0.272718 0.533399 0.474156 0.433798 0.696195 0.35736 0.87703 0.364309 1 0 0 0 0
0.712867 -1 0.513864 -0.914086 0.354661 -0.760669 0.16703 -0.243143 -0.0092302 0.0534635 -0.176961 0.192562 -0.358907 0.270293 -0.526638 0.311204 -0.717113 0.329614 -0.748385 0.176197 -0.580653 0.172106 -0.401551 0.239609 -0.233819 0.311204 -0.0547166 0.384844 0.144287 0.466667 0.331918 0.493259 0.482592 0.448257 0.664538 0.360298 0.852169 0.29484 1 0.266202 1 0 0 0 0
1 -0.820946 0.802626 -0.926272 0.60928 -0.994734 0.436074 -1 0.242728 -0.894674 0.0614658 -0.594495 -0.127852 -0.220587 -0.321198 0.132255 -0.494404 0.348174 -0.695806 0.416636 -0.724003 0.11119 -0.554825 0.0953913 -0.357451 0.195451 -0.176189 0.316576 0.0091012 0.464033 0.186335 0.537761 0.375653 0.632554 0.573027 0.622022 0.766373 0.569359 0.923467 0.532495 1 0 0 0 0
0.590576 -1 0.414428 -0.540567 0.252563 -0.325207 0.0668934 -0.138563 -0.0806898 0.0107533 -0.228273 0.128483 -0.409181 0.217498 -0.585329 0.251956 -0.732912 0.234727 -0.628176 0.0222392 -0.475832 0.0767969 -0.280641 0.185912 -0.14734 0.254827 0.0526111 0.329485 0.228759 0.3582 0.357299 0.363943 0.562011 0.355328 0.723877 0.343842 0.842895 0.3381 1 0.306514 1 0 0 0 0
-0.63275 0.81926 -0.446114 0.22143 -0.283561 -0.237371 -0.14509 -0.543237 0.0144535 -0.793492 0.173997 -0.802761 0.0445559 -0.274445 -0.0126388 -0.163221 0.167976 -0.325423 0.315478 -0.27908 0.435888 0.378998 0.276345 0.740477 0.116802 0.92585 -0.087895 0.995366 -0.205295 0.995366 -0.385909 0.976828 -0.533412 0.958291 -0.704996 0.944388 -0.87959 0.898044 -1 0.847067 0 1 0 0 0
-0.617898 0.703471 -0.410778 -0.245109 -0.214371 -0.662286 -0.0465318 -0.895706 0.153447 -1 0.331999 -0.880807 0.196299 -0.428865 -0.00367926 -0.324571 -0.0858132 -0.334504 0.0784547 -0.433832 0.271291 -0.399067 0.453414 -0.150747 0.317715 0.55448 0.128449 0.589245 -0.0608159 0.60911 -0.253652 0.619043 -0.432204 0.60911 -0.642896 0.579312 -0.835732 0.455152 -1 0.385623 0 1 0 0 0
-0.508183 0.716114 -0.324794 -0.343142 -0.147656 -0.816553 0.0273974 -1 0.200367 -0.87573 0.0107257 -0.357937 -0.145572 -0.257337 0.0482371 -0.431907 0.225375 -0.437825 0.398344 -0.283966 0.562978 0.0296686 0.39626 0.594803 0.223291 0.710197 0.0440692 0.772332 -0.122648 0.813755 -0.295618 0.843343 -0.485259 0.822632 -0.656145 0.760497 -0.829114 0.642144 -1 0.443903 0 1 0 0 0
-0.698622 0.641962 -0.490397 0.297696 -0.279432 -0.0465712 -0.106825 -0.294443 0.0986604 -0.542315 0.295926 -0.721334 0.298666 -0.239361 0.0986604 0.0704796 -0.0876461 0.0567089 -0.194498 -0.260017 -0.00271227 -0.356411 0.191814 -0.108539 0.37812 0.697045 0.128798 0.986229 -0.0520287 1 -0.252034 0.951803 -0.438341 0.89672 -0.608208 0.779669 -0.808214 0.387205 -1 -0.0741125 0 1 0 0 0
-0.0815858 -0.996106 -0.360485 -0.988319 -0.523744 -0.926022 -0.550953 -0.54056 -0.340078 -0.466582 -0.108795 -0.392605 0.115685 -0.264117 0.183709 0.280981 -0.0475737 0.444511 -0.258449 0.475659 -0.482929 0.452298 -0.687002 0.370533 -0.489731 0.152494 -0.306066 0.105771 -0.0611785 0.105771 0.142894 0.168068 0.346967 0.296555 0.564645 0.37832 0.782322 0.421149 1 0.0746224 1 0 0 0 0
